0 METOP-A
1 29499U 06044A   22053.77500178  .00000678  00000-0  98956-4 0  9996
2 29499  98.4677  94.6653 0198896   7.7977  51.2770 14.66948725796711
0 METOP-B
1 38771U 12049A   22053.76222017  .00000027  00000-0  32347-4 0  9993
2 38771  98.6810 115.2325 0001539  57.4237  51.2736 14.21497424489435
0 METOP-C
1 43689U 18087A   22053.77810258  .00000020  00000-0  29008-4 0  9999
2 43689  98.7006 115.5199 0003145  32.7864 327.3507 14.21496028171010
0 EarthCARE
1 00000U 00000A   24349.57907407  .00000000  00000-0  22989-6 0    00
2 00000  97.0117  20.3371 0012980 311.5836  48.5492 15.60328866    07